15 0.903 0.332 0.182 0.2906666666666667
14 0.666 0.4 0.1 0.432
14 0.416 0.4666666666666667 0.116 0.21333333333333335
14 0.315 0.3466666666666667 0.082 0.416
14 0.371 0.38133333333333336 0.066 0.272
14 0.378 0.2813333333333333 0.072 0.25333333333333335
14 0.539 0.30533333333333335 0.058 0.216
14 0.159 0.2946666666666667 0.074 0.17866666666666667
14 0.084 0.3453333333333333 0.1 0.456
15 0.617 0.24 0.086 0.20266666666666666
8 0.17 0.328 0.072 0.12266666666666666
8 0.244 0.31866666666666665 0.072 0.104
14 0.463 0.2653333333333333 0.09 0.27466666666666667
14 0.756 0.312 0.08 0.2773333333333333
14 0.788 0.29733333333333334 0.032 0.16266666666666665
14 0.727 0.224 0.026 0.064
14 0.691 0.21466666666666667 0.066 0.11466666666666667
14 0.511 0.4226666666666667 0.126 0.264
