12 0.5053333333333333 0.556 0.08266666666666667 0.144
12 0.5866666666666667 0.548 0.09066666666666667 0.148
12 0.6533333333333333 0.525 0.07466666666666667 0.122
12 0.7693333333333333 0.566 0.10933333333333334 0.144
12 0.8653333333333333 0.549 0.11466666666666667 0.134
12 0.8346666666666667 0.443 0.096 0.106
12 0.7213333333333334 0.49 0.06666666666666667 0.124
12 0.664 0.453 0.08533333333333333 0.066
12 0.288 0.481 0.042666666666666665 0.13
12 0.348 0.532 0.088 0.152
12 0.037333333333333336 0.437 0.06933333333333333 0.13
14 0.036 0.376 0.06133333333333333 0.06
14 0.288 0.432 0.042666666666666665 0.08
14 0.3466666666666667 0.48 0.07466666666666667 0.08
14 0.5093333333333333 0.494 0.07466666666666667 0.084
14 0.592 0.484 0.064 0.056
14 0.6573333333333333 0.476 0.072 0.08
14 0.7706666666666667 0.507 0.10666666666666667 0.09
14 0.8626666666666667 0.496 0.08266666666666667 0.076
14 0.8386666666666667 0.402 0.088 0.092
14 0.68 0.417 0.05333333333333334 0.054
14 0.728 0.409 0.042666666666666665 0.038
