6 0.546 0.41291291291291293 0.568 0.5795795795795796 1.0
14 0.02 0.3948948948948949 0.036 0.35735735735735735 1.0
14 0.047 0.3948948948948949 0.03 0.32732732732732733 1.0
14 0.072 0.41291291291291293 0.048 0.30930930930930933 1.0
14 0.1 0.4084084084084084 0.036 0.3123123123123123 1.0
14 0.129 0.42042042042042044 0.038 0.2882882882882883 1.0
14 0.169 0.4024024024024024 0.062 0.32432432432432434 1.0
14 0.203 0.4984984984984985 0.062 0.13213213213213212 1.0
14 0.208 0.3663663663663664 0.028 0.15615615615615616 1.0
14 0.224 0.32882882882882886 0.016 0.04504504504504504 1.0
14 0.242 0.43093093093093093 0.032 0.26126126126126126 1.0
14 0.258 0.42342342342342343 0.04 0.2702702702702703 1.0
14 0.282 0.3963963963963964 0.024 0.18618618618618618 1.0
14 0.302 0.3588588588588589 0.024 0.10510510510510511 1.0
14 0.324 0.3483483483483483 0.028 0.06006006006006006 1.0
14 0.514 0.25825825825825827 0.076 0.0960960960960961 1.0
