8 0.236 0.735207100591716 0.092 0.3165680473372781 1.0
14 0.304 0.6908284023668639 0.176 0.4467455621301775 1.0
14 0.428 0.658284023668639 0.092 0.3757396449704142 1.0
14 0.52 0.6612426035502958 0.092 0.3994082840236686 1.0
14 0.63 0.6686390532544378 0.128 0.42011834319526625 1.0
14 0.699 0.7144970414201184 0.174 0.47041420118343197 1.0
8 0.754 0.8150887573964497 0.148 0.3698224852071006 1.0
8 0.31 0.8091715976331361 0.148 0.3698224852071006 1.0
8 0.465 0.834319526627219 0.142 0.33136094674556216 1.0
11 0.593 0.9186390532544378 0.09 0.11538461538461539 1.0
10 0.477 0.7736686390532544 0.326 0.34023668639053256 1.0
