16 0.362 0.5893333333333334 0.212 0.4266666666666667 1.0
16 0.552 0.6106666666666667 0.164 0.31466666666666665 1.0
16 0.668 0.5173333333333333 0.076 0.19733333333333333 1.0
16 0.823 0.624 0.114 0.22933333333333333 1.0
6 0.825 0.11066666666666666 0.158 0.088 1.0
14 0.039 0.5426666666666666 0.074 0.9146666666666666 1.0
14 0.507 0.36533333333333334 0.07 0.25066666666666665 1.0
14 0.58 0.4 0.068 0.17066666666666666 1.0
14 0.641 0.4653333333333333 0.074 0.33866666666666667 1.0
14 0.696 0.42533333333333334 0.072 0.30133333333333334 1.0
14 0.795 0.388 0.154 0.28 1.0
14 0.95 0.5186666666666667 0.1 0.376 1.0
14 0.976 0.604 0.048 0.43466666666666665 1.0
