14 0.168 0.32666666666666666 0.168 0.44 1.0
4 0.269 0.344 0.034 0.12266666666666666 1.0
14 0.301 0.26266666666666666 0.186 0.264 1.0
14 0.608 0.312 0.18 0.29333333333333333 1.0
14 0.695 0.37333333333333335 0.262 0.3413333333333333 1.0
14 0.872 0.43066666666666664 0.256 0.456 1.0
14 0.16 0.5013333333333333 0.316 0.9973333333333333 1.0
8 0.199 0.8533333333333334 0.086 0.29333333333333333 1.0
10 0.577 0.6733333333333333 0.846 0.6533333333333333 1.0
8 0.213 0.7293333333333333 0.17 0.5413333333333333 1.0
