10 0.615 0.752 0.562 0.256 1.0
14 0.448 0.5053333333333333 0.096 0.28 1.0
14 0.405 0.6306666666666667 0.214 0.5093333333333333 1.0
14 0.226 0.6973333333333334 0.336 0.6053333333333333 1.0
14 0.163 0.572 0.322 0.5893333333333334 1.0
14 0.669 0.43866666666666665 0.066 0.12 1.0
14 0.749 0.5213333333333333 0.126 0.264 1.0
14 0.789 0.4266666666666667 0.082 0.15466666666666667 1.0
14 0.889 0.608 0.222 0.64 1.0
15 0.459 0.28933333333333333 0.27 0.5733333333333334 1.0
4 0.636 0.604 0.036 0.14133333333333334 1.0
