16 0.56 0.4533333333333333 0.304 0.23466666666666666 1.0
16 0.804 0.5533333333333333 0.104 0.136 1.0
16 0.388 0.4573333333333333 0.096 0.14666666666666667 1.0
16 0.343 0.564 0.134 0.136 1.0
16 0.555 0.556 0.226 0.14133333333333334 1.0
13 0.538 0.5493333333333333 0.456 0.5706666666666667 1.0
13 0.801 0.49333333333333335 0.318 0.39466666666666667 1.0
4 0.324 0.3333333333333333 0.032 0.10666666666666667 1.0
14 0.47 0.22533333333333333 0.324 0.4186666666666667 1.0
14 0.759 0.2693333333333333 0.218 0.32 1.0
