8 0.753 0.5690690690690691 0.17 0.44144144144144143 1.0
8 0.533 0.5 0.138 0.3933933933933934 1.0
17 0.214 0.6021021021021021 0.42 0.3633633633633634 1.0
14 0.59 0.7747747747747747 0.348 0.45045045045045046 1.0
14 0.544 0.5075075075075075 0.136 0.4144144144144144 1.0
14 0.715 0.46846846846846846 0.158 0.4264264264264264 1.0
14 0.391 0.5645645645645646 0.138 0.4624624624624625 1.0
14 0.292 0.7012012012012012 0.316 0.5975975975975976 1.0
14 0.348 0.7552552552552553 0.176 0.3033033033033033 1.0
8 0.214 0.7687687687687688 0.424 0.4624624624624625 1.0
