4 0.565 0.17466666666666666 0.142 0.344 1.0
10 0.329 0.46266666666666667 0.33 0.408 1.0
10 0.631 0.772 0.738 0.456 1.0
14 0.75 0.444 0.5 0.6 1.0
14 0.227 0.688 0.45 0.624 1.0
14 0.146 0.30533333333333335 0.18 0.23733333333333334 1.0
8 0.4 0.468 0.212 0.38133333333333336 1.0
8 0.371 0.276 0.058 0.072 1.0
8 0.7 0.296 0.06 0.10133333333333333 1.0
14 0.679 0.20533333333333334 0.146 0.304 1.0
14 0.795 0.12266666666666666 0.074 0.05333333333333334 1.0
14 0.942 0.17333333333333334 0.116 0.18666666666666668 1.0
10 0.844 0.3413333333333333 0.312 0.25066666666666665 1.0
